12345
12354
12435
12453
12534
12543
13245
13254
13425
13452
13524
13542
14235
14253
14325
14352
14523
14532
15234
15243
15324
15342
15423
15432

21345
21354
21435
21453, nfp
21534, nfp
21543
23145
23154, nfp
23415
23451, nfp
23514, nfp
23541
24135
24153, nfp
24315
24351
24513, nfp
24531, nfp
25134, nfp
25143
25314
25341
25413, nfp
25431, nfp
11

31245
31254, nfp
31425
31452, nfp
31524, nfp
31542
32145
32154
32415
32451
32514
32541
34125
34152, nfp
34215
34251, nfp
34512, nfp
34521, nfp
35124, nfp
35142
35214, nfp
35241
35412, nfp
35421, nfp
11

41235
41253, nfp
41325
41352
41523, nfp
41532, nfp
42135
42153
42315
42351
42513
42531
43125
43152, nfp
43215
43251, nfp
43512, nfp
43521, nfp
45123, nfp
45132, nfp
45213, nfp
45231, nfp
45312
45321
11

51234, nfp
51243
51324
51342
51423, nfp
51432, nfp
52134
52143
52314
52341
52413
52431
53124, nfp
53142
53214, nfp
53241
53412, nfp
53421, nfp
54123, nfp
54132, nfp
54213, nfp
54231, nfp
54312
54321
11

11*(5-1) = 44
44/120 = 11/30 = 0.3667